0 0 1000 0 0 2024-12-17 15:30:00
45
0 0 0 0 A1 0 0 0.000000 0
0 0 0 0 A2 0 0 0.000000 0
0 0 0 0 A3 0 0 0.000000 0
0 0 0 0 A4 0 0 0.000000 0
0 0 0 0 A5 0 0 0.000000 0
0 0 0 0 B1 0 0 0.000000 0
0 0 0 0 B2 0 0 0.000000 0
0 0 0 0 B3 0 0 0.000000 0
0 0 0 0 B4 0 0 0.000000 0
0 0 0 0 B5 0 0 0.000000 0
0 0 0 0 C1 0 0 0.000000 0
0 0 0 0 C2 0 0 0.000000 0
0 0 0 0 C3 0 0 0.000000 0
0 0 0 0 C4 0 0 0.000000 0
0 0 0 0 C5 0 0 0.000000 0
0 0 0 0 D1 0 0 0.000000 0
0 0 0 0 D2 0 0 0.000000 0
0 0 0 0 D3 0 0 0.000000 0
0 0 0 0 D4 0 0 0.000000 0
0 0 0 0 D5 0 0 0.000000 0
0 0 0 0 E1 0 0 0.000000 0
0 0 0 0 E2 0 0 0.000000 0
0 0 0 0 E3 0 0 0.000000 0
0 0 0 0 E4 0 0 0.000000 0
0 0 0 0 E5 0 0 0.000000 0
0 0 0 0 F1 0 0 0.000000 0
0 0 0 0 F2 0 0 0.000000 0
0 0 0 0 F3 0 0 0.000000 0
0 0 0 0 F4 0 0 0.000000 0
0 0 0 0 F5 0 0 0.000000 0
0 0 0 0 G1 0 0 0.000000 0
0 0 0 0 G2 0 0 0.000000 0
0 0 0 0 G3 0 0 0.000000 0
0 0 0 0 G4 0 0 0.000000 0
0 0 0 0 G5 0 0 0.000000 0
0 0 0 0 H1 0 0 0.000000 0
0 0 0 0 H2 0 0 0.000000 0
0 0 0 0 H3 0 0 0.000000 0
0 0 0 0 H4 0 0 0.000000 0
0 0 0 0 H5 0 0 0.000000 0
0 0 0 0 I1 0 0 0.000000 0
0 0 0 0 I2 0 0 0.000000 0
0 0 0 0 I3 0 0 0.000000 0
0 0 0 0 I4 0 0 0.000000 0
0 0 0 0 I5 0 0 0.000000 0
45
0 0 0 0 A1 0 0 0.000000 0
0 0 0 0 A2 0 0 0.000000 0
0 0 0 0 A3 0 0 0.000000 0
0 0 0 0 A4 0 0 0.000000 0
0 0 0 0 A5 0 0 0.000000 0
0 0 0 0 B1 0 0 0.000000 0
0 0 0 0 B2 0 0 0.000000 0
0 0 0 0 B3 0 0 0.000000 0
0 0 0 0 B4 0 0 0.000000 0
0 0 0 0 B5 0 0 0.000000 0
0 0 0 0 C1 0 0 0.000000 0
0 0 0 0 C2 0 0 0.000000 0
0 0 0 0 C3 0 0 0.000000 0
0 0 0 0 C4 0 0 0.000000 0
0 0 0 0 C5 0 0 0.000000 0
0 0 0 0 D1 0 0 0.000000 0
0 0 0 0 D2 0 0 0.000000 0
0 0 0 0 D3 0 0 0.000000 0
0 0 0 0 D4 0 0 0.000000 0
0 0 0 0 D5 0 0 0.000000 0
0 0 0 0 E1 0 0 0.000000 0
0 0 0 0 E2 0 0 0.000000 0
0 0 0 0 E3 0 0 0.000000 0
0 0 0 0 E4 0 0 0.000000 0
0 0 0 0 E5 0 0 0.000000 0
0 0 0 0 F1 0 0 0.000000 0
0 0 0 0 F2 0 0 0.000000 0
0 0 0 0 F3 0 0 0.000000 0
0 0 0 0 F4 0 0 0.000000 0
0 0 0 0 F5 0 0 0.000000 0
0 0 0 0 G1 0 0 0.000000 0
0 0 0 0 G2 0 0 0.000000 0
0 0 0 0 G3 0 0 0.000000 0
0 0 0 0 G4 0 0 0.000000 0
0 0 0 0 G5 0 0 0.000000 0
0 0 0 0 H1 0 0 0.000000 0
0 0 0 0 H2 0 0 0.000000 0
0 0 0 0 H3 0 0 0.000000 0
0 0 0 0 H4 0 0 0.000000 0
0 0 0 0 H5 0 0 0.000000 0
0 0 0 0 I1 0 0 0.000000 0
0 0 0 0 I2 0 0 0.000000 0
0 0 0 0 I3 0 0 0.000000 0
0 0 0 0 I4 0 0 0.000000 0
0 0 0 0 I5 0 0 0.000000 0
45
0 0 0 0 A1 0 0 0.000000 0
0 0 0 0 A2 0 0 0.000000 0
0 0 0 0 A3 0 0 0.000000 0
0 0 0 0 A4 0 0 0.000000 0
0 0 0 0 A5 0 0 0.000000 0
0 0 0 0 B1 0 0 0.000000 0
0 0 0 0 B2 0 0 0.000000 0
0 0 0 0 B3 0 0 0.000000 0
0 0 0 0 B4 0 0 0.000000 0
0 0 0 0 B5 0 0 0.000000 0
0 0 0 0 C1 0 0 0.000000 0
0 0 0 0 C2 0 0 0.000000 0
0 0 0 0 C3 0 0 0.000000 0
0 0 0 0 C4 0 0 0.000000 0
0 0 0 0 C5 0 0 0.000000 0
0 0 0 0 D1 0 0 0.000000 0
0 0 0 0 D2 0 0 0.000000 0
0 0 0 0 D3 0 0 0.000000 0
0 0 0 0 D4 0 0 0.000000 0
0 0 0 0 D5 0 0 0.000000 0
0 0 0 0 E1 0 0 0.000000 0
0 0 0 0 E2 0 0 0.000000 0
0 0 0 0 E3 0 0 0.000000 0
0 0 0 0 E4 0 0 0.000000 0
0 0 0 0 E5 0 0 0.000000 0
0 0 0 0 F1 0 0 0.000000 0
0 0 0 0 F2 0 0 0.000000 0
0 0 0 0 F3 0 0 0.000000 0
0 0 0 0 F4 0 0 0.000000 0
0 0 0 0 F5 0 0 0.000000 0
0 0 0 0 G1 0 0 0.000000 0
0 0 0 0 G2 0 0 0.000000 0
0 0 0 0 G3 0 0 0.000000 0
0 0 0 0 G4 0 0 0.000000 0
0 0 0 0 G5 0 0 0.000000 0
0 0 0 0 H1 0 0 0.000000 0
0 0 0 0 H2 0 0 0.000000 0
0 0 0 0 H3 0 0 0.000000 0
0 0 0 0 H4 0 0 0.000000 0
0 0 0 0 H5 0 0 0.000000 0
0 0 0 0 I1 0 0 0.000000 0
0 0 0 0 I2 0 0 0.000000 0
0 0 0 0 I3 0 0 0.000000 0
0 0 0 0 I4 0 0 0.000000 0
0 0 0 0 I5 0 0 0.000000 0
